image: map.pgm
resolution: 0.050000
#origin: [-19.200000, -19.200000, 1.57]
origin: [18.49, -16.08, 0]
negate: 0
occupied_thresh: 0.65
free_thresh: 0.196

