source: [[-2.62, 0.237, 2.35619449019],[-3.808, 0.224, 0.78539]]
drain: [[-0.958, -5.737, 3.7001],[-2.676, -5.659, 5.27089]]
